 
# QPROP Version 1.22
# 
# Nemo MIL Input                                                                  
# 
# Any motor                                                                       
#    1.0000      motor parameter 1 ,  R  (Ohms) 
#    1.0000      motor parameter 2 ,  Io (Amps) 
#    1.0000      motor parameter 3 ,  Kv (rpm/Vo
# 
#   rho =  1025.0     kg/m^3
#   mu  = 0.10020E-02 kg/m-s
#   a   =  1481.0     m/s   
# 
#  1         2        3          4          5         6            7         8       9        10        11        12          13        14        15      16          17           18      19
# 
#  V(m/s)    rpm      Dbeta      T(N)       Q(N-m)    Pshaft(W)    Volts     Amps    effmot   effprop   adv       CT          CP        DV(m/s)   eff     Pelec       Pprop        cl_avg  cd_avg
    0.000   321.8      0.000   38.54       5.236       176.4     323.348    1.5483   0.3524   0.0000   0.00000  0.2524E-01  0.2017E-01   0.9101   0.0000   500.6       0.000       0.9146  0.8343    
    0.250   321.8      0.000   38.93       5.067       170.7     323.331    1.5306   0.3450   0.0570   0.04364  0.2549E-01  0.1952E-01   0.6982   0.0197   494.9       9.732       0.9451  0.7526    
    0.500   321.8      0.000   39.84       4.913       165.6     323.315    1.5145   0.3381   0.1203   0.08728  0.2609E-01  0.1893E-01   0.5518   0.0407   489.7       19.92       0.9776  0.6596    
    0.750   321.8      0.000   41.36       4.804       161.9     323.303    1.5030   0.3331   0.1916   0.13092  0.2708E-01  0.1850E-01   0.4547   0.0638   485.9       31.02       1.0094  0.5625    
    1.000   321.8      0.000   43.46       4.759       160.4     323.298    1.4983   0.3311   0.2710   0.17456  0.2846E-01  0.1833E-01   0.3907   0.0897   484.4       43.46       1.0386  0.4675    
    1.250   321.8      0.000   46.06       4.793       161.5     323.302    1.5019   0.3326   0.3565   0.21820  0.3016E-01  0.1846E-01   0.3476   0.1186   485.6       57.57       1.0644  0.3790    
    1.500   321.8      0.000   49.04       4.913       165.6     323.315    1.5145   0.3381   0.4443   0.26183  0.3211E-01  0.1893E-01   0.3177   0.1502   489.7       73.56       1.0863  0.2997    
    1.750   321.8      0.000   52.29       5.125       172.7     323.337    1.5367   0.3476   0.5299   0.30547  0.3424E-01  0.1974E-01   0.2961   0.1842   496.9       91.52       1.1042  0.2312    
    2.000   321.8      0.000   55.72       5.428       182.9     323.368    1.5685   0.3607   0.6092   0.34911  0.3649E-01  0.2091E-01   0.2798   0.2197   507.2       111.4       1.1185  0.1737    
    2.250   321.8      0.000   59.22       5.823       196.2     323.410    1.6098   0.3769   0.6790   0.39275  0.3878E-01  0.2243E-01   0.2670   0.2559   520.6       133.3       1.1295  0.1268    
    2.500   321.8      0.000   62.72       6.308       212.6     323.461    1.6606   0.3958   0.7376   0.43639  0.4107E-01  0.2430E-01   0.2564   0.2919   537.1       156.8       1.1375  0.8973E-01
    2.750   321.8      0.000   66.15       6.880       231.9     323.520    1.7205   0.4165   0.7846   0.48003  0.4332E-01  0.2650E-01   0.2474   0.3268   556.6       181.9       1.1431  0.6143E-01
    3.000   321.8      0.000   69.51       7.535       253.9     323.589    1.7891   0.4386   0.8212   0.52367  0.4552E-01  0.2903E-01   0.2394   0.3602   578.9       208.5       1.1462  0.4003E-01
    3.250   321.8      0.000   68.03       7.479       252.0     323.583    1.7832   0.4368   0.8773   0.56731  0.4455E-01  0.2881E-01   0.2176   0.3832   577.0       221.1       1.0546  0.1072E-01
    3.500   321.8      0.000   59.75       6.940       233.9     323.527    1.7267   0.4186   0.8943   0.61095  0.3913E-01  0.2673E-01   0.1789   0.3744   558.6       209.1       0.8914  0.9054E-02
    3.750   321.8      0.000   51.28       6.284       211.8     323.458    1.6581   0.3949   0.9080   0.65459  0.3358E-01  0.2421E-01   0.1442   0.3585   536.3       192.3       0.7387  0.8016E-02
    4.000   321.8      0.000   42.61       5.509       185.6     323.377    1.5769   0.3640   0.9181   0.69823  0.2790E-01  0.2122E-01   0.1129   0.3342   509.9       170.4       0.5958  0.7483E-02
    4.250   321.8      0.000   33.72       4.610       155.3     323.283    1.4827   0.3241   0.9227   0.74187  0.2208E-01  0.1776E-01   0.0844   0.2990   479.3       143.3       0.4622  0.7399E-02
    4.500   321.8      0.000   24.60       3.586       120.9     323.176    1.3756   0.2719   0.9161   0.78550  0.1611E-01  0.1381E-01   0.0584   0.2490   444.6       110.7       0.3373  0.7880E-02
    4.750   321.8      0.000   15.23       2.436       82.08     323.055    1.2551   0.2024   0.8816   0.82914  0.9976E-02  0.9383E-02   0.0343   0.1785   405.5       72.36       0.2205  0.8832E-02
    5.000   321.8      0.000   5.612       1.155       38.91     322.921    1.1209   0.1075   0.7211   0.87278  0.3675E-02  0.4448E-02   0.0120   0.0775   362.0       28.06       0.1111  0.1015E-01
    5.250   321.8      0.000  -1.245      0.5887       19.84     322.862    1.0616   0.0579  -0.3294   0.91642 -0.8150E-03  0.2267E-02  -0.0025  -0.0191   342.8      -6.534       0.0496  0.2273E-01
    5.500   321.8      0.000  -3.808      0.5353       18.04     322.856    1.0561   0.0529  -1.1610   0.96006 -0.2494E-02  0.2062E-02  -0.0074  -0.0614   341.0      -20.94       0.0307  0.3081E-01
    5.750   321.8      0.000  -6.108      0.5819       19.61     322.861    1.0609   0.0572  -1.7912   1.00370 -0.4000E-02  0.2241E-02  -0.0114  -0.1025   342.5      -35.12       0.0207  0.3948E-01
    6.000   321.8      0.000  -8.460      0.6583       22.19     322.869    1.0689   0.0643  -2.2881   1.04734 -0.5540E-02  0.2536E-02  -0.0152  -0.1471   345.1      -50.76       0.0133  0.4790E-01
    6.250   321.8      0.000  -11.17      0.7444       25.08     322.878    1.0780   0.0721  -2.7818   1.09098 -0.7311E-02  0.2867E-02  -0.0192  -0.2005   348.0      -69.78       0.0061  0.5680E-01
    6.500   321.8      0.000  -14.26      0.8508       28.67     322.889    1.0891   0.0815  -3.2329   1.13462 -0.9338E-02  0.3277E-02  -0.0236  -0.2636   351.7      -92.69       0.0003  0.6642E-01
    6.750   321.8      0.000  -17.59      0.9742       32.83     322.902    1.1020   0.0923  -3.6166   1.17826 -0.1152E-01  0.3752E-02  -0.0281  -0.3336   355.8      -118.7      -0.0046  0.7590E-01
    7.000   321.8      0.000  -21.28       1.105       37.24     322.916    1.1157   0.1034  -4.0005   1.22190 -0.1394E-01  0.4257E-02  -0.0327  -0.4135   360.3      -149.0      -0.0092  0.8552E-01
    7.250   321.8      0.000  -25.35       1.243       41.88     322.930    1.1302   0.1148  -4.3879   1.26554 -0.1660E-01  0.4787E-02  -0.0377  -0.5036   365.0      -183.8      -0.0137  0.9519E-01
    7.500   321.8      0.000  -29.78       1.386       46.72     322.945    1.1452   0.1263  -4.7813   1.30917 -0.1950E-01  0.5340E-02  -0.0428  -0.6040   369.8      -223.4      -0.0179  0.1049    
    7.750   321.8      0.000  -34.61       1.548       52.16     322.962    1.1621   0.1390  -5.1428   1.35281 -0.2267E-01  0.5962E-02  -0.0481  -0.7147   375.3      -268.2      -0.0211  0.1147    
    8.000   321.8      0.000  -39.71       1.719       57.92     322.980    1.1800   0.1520  -5.4842   1.39645 -0.2600E-01  0.6621E-02  -0.0535  -0.8335   381.1      -317.6      -0.0238  0.1242    

