APC 14x10e

 2  0.168     ! Nblades

 0.65  6.25  ! CL0     CL_a
 -0.5  1.6   ! CLmin   CLmax

 0.013  0.050  0.015 0.85  !  CD0    CD2u   CD2l   CLCD0 
 175000  -0.4              !  REref  REexp

 0.01    0.01     1.0  !  Rfac   Cfac   Bfac  
 0.0     0.0      0.0  !  Radd   Cadd   Badd  

#  r    chord   beta   CL0  CL_a  CLmin max  CD0   CD2u  CD2l  CDCD0  Reref
 3.00   2.17    53.0   0.82 7.00  -0.5  1.9  0.013 0.010 0.040 0.78  145000.
 4.00   2.49    45.0   0.77 6.80  -0.5  1.8  0.013 0.022 0.032 0.80  150000.
 4.80   2.67    40.0   0.72 6.60  -0.5  1.71 0.013 0.034 0.024 0.82  160000.
 5.70   2.85    35.0   0.68 6.35  -0.5  1.65 0.013 0.043 0.019 0.84  170000.
 6.95   2.94    30.0   0.65 6.25  -0.5  1.6  0.013 0.050 0.015 0.85  175000.
 8.60   2.86    25.0
 10.90  2.49    20.0
 12.50  2.11    17.200
 14.10  1.71    15.0
 15.0   1.52    14.000
 16.0   1.26    12.800
 16.40  1.10    12.4
 16.70  0.80    12.1


