 
F1D prop                                        

   2       ! Nblades

   0.1500  5.7000    ! CL0    CL_a 
  -0.8000  1.2000    ! CLmin  CLmax

   0.04600  0.04600  0.02000  0.1500    ! CD0    CD2u  CD2l  CLCD0
     5000.0  -0.500            ! REref  REexp

   1.0000  1.0000  1.0000   !  Rfac   Cfac   Bfac
   0.0000  0.0000  0.0000   !  Radd   Cadd   Badd
 
#        r            c        beta
   0.45250E-01  0.34848E-01  74.6860
   0.55750E-01  0.41834E-01  70.7151
   0.66250E-01  0.48019E-01  66.9553
   0.76750E-01  0.53271E-01  63.4186
   0.87250E-01  0.57513E-01  60.1093
   0.97750E-01  0.60717E-01  57.0254
   0.10825      0.62900E-01  54.1601
   0.11875      0.64111E-01  51.5033
   0.12925      0.64416E-01  49.0432
   0.13975      0.63887E-01  46.7666
   0.15025      0.62596E-01  44.6600
   0.16075      0.60606E-01  42.7102
   0.17125      0.57965E-01  40.9046
   0.18175      0.54700E-01  39.2310
   0.19225      0.50815E-01  37.6783
   0.20275      0.46271E-01  36.2362
   0.21325      0.40970E-01  34.8952
   0.22375      0.34682E-01  33.6468
   0.23425      0.26855E-01  32.4831
   0.24475      0.15471E-01  31.3971
   0.25000      0.84463E-02  30.8832
