 
F1D prop                                        

   2       ! Nblades

   0.2800  5.7000    ! CL0    CL_a 
  -0.2000  0.7200    ! CLmin  CLmax

   0.05000  0.02500  0.02000  0.0500    ! CD0    CD2u  CD2l  CLCD0
     5000.0  -0.500            ! REref  REexp

   0.0254  0.0254  1.0000   !  Rfac   Cfac   Bfac
   0.0000  0.0000 11.0000   !  Radd   Cadd   Badd
 
#        r            c        beta
1.5 0.50 54
2.0 1.13 51
2.5 1.56 49
3.0 1.88 47
3.5 2.09 45
4.0 2.25 43
4.5 2.38 41
5.0 2.44 38
5.5 2.47 35
6.0 2.44 33
6.5 2.38 31
7.0 2.25 28
7.5 2.09 26
8.0 1.91 24
8.5 1.69 22
9.0 1.41 21
9.5 0.94 19
10. 0.2  17

