 
Solar                                           

   2       ! Nblades

   0.5000  5.9000    ! CL0    CL_a 
  -1.2000  1.2000    ! CLmin  CLmax

   0.02700  0.04000  0.04000  0.8000    ! CD0    CD2u  CD2l  CLCD0
    30000.0  -0.500            ! REref  REexp

   1.0000  1.0000  1.0000   !  Rfac   Cfac   Bfac
   0.0000  0.0000  0.0000   !  Radd   Cadd   Badd
 
#        r            c        beta
   0.32833E-01  0.25094E-01  66.8225
   0.38500E-01  0.28498E-01  63.1688
   0.44167E-01  0.31439E-01  59.7399
   0.49833E-01  0.33894E-01  56.5368
   0.55500E-01  0.35866E-01  53.5551
   0.61167E-01  0.37377E-01  50.7862
   0.66833E-01  0.38460E-01  48.2190
   0.72500E-01  0.39160E-01  45.8409
   0.78167E-01  0.39519E-01  43.6384
   0.83833E-01  0.39582E-01  41.5983
   0.89500E-01  0.39389E-01  39.7075
   0.95167E-01  0.38977E-01  37.9536
   0.10083      0.38376E-01  36.3250
   0.10650      0.37613E-01  34.8109
   0.11217      0.36709E-01  33.4013
   0.11783      0.35683E-01  32.0874
   0.12350      0.34547E-01  30.8608
   0.12917      0.33310E-01  29.7142
   0.13483      0.31979E-01  28.6408
   0.14050      0.30557E-01  27.6345
   0.14617      0.29043E-01  26.6898
   0.15183      0.27434E-01  25.8018
   0.15750      0.25719E-01  24.9660
   0.16317      0.23886E-01  24.1783
   0.16883      0.21911E-01  23.4352
   0.17450      0.19757E-01  22.7331
   0.18017      0.17364E-01  22.0693
   0.18583      0.14621E-01  21.4409
   0.19150      0.11281E-01  20.8454
   0.19717      0.64858E-02  20.2806
   0.20000      0.35428E-02  20.0098
