 
# QPROP Version 1.21
# 
# Windmill                                                                        
# 
# Speed-300 7302 (7V) 5.33:1                                                      
#   0.45000      Rmotor (Ohms)                  
#   0.50000      Io     (Amps)                  
#    413.00      Kv     (rpm/Volt)              
# 
#   rho =  1.2250     kg/m^3
#   mu  = 0.17800E-04 kg/m-s
#   a   =  340.00     m/s   
# 
#  1         2        3          4          5         6            7         8       9        10        11        12          13        14        15      16          17           18      19
# 
#  V(m/s)    rpm      Dbeta      T(N)       Q(N-m)    Pshaft(W)    Volts     Amps    effmot   effprop   adv       CT          CP        DV(m/s)   eff     Pelec       Pprop        cl_avg  cd_avg
    8.800   1000.      0.000  -1.167     -0.3170E-01  -3.320       2.029   -0.8710   1.8780   3.0935   0.56023 -0.1092     -0.1978E-01  -1.6947   5.8098  -1.768      -10.27      -1.3554  0.5200    
    8.800   1200.      0.000  -1.409     -0.3899E-01  -4.900       2.372   -1.1865   1.7414   2.5302   0.46685 -0.9159E-01 -0.1690E-01  -2.0994   4.4061  -2.814      -12.40      -1.4151  0.3661    
    8.800   1400.      0.000  -1.683     -0.4826E-01  -7.076       2.676   -1.5873   1.6661   2.0935   0.40016 -0.8039E-01 -0.1537E-01  -2.5903   3.4879  -4.247      -14.81      -1.4396  0.2308    
    8.800   1600.      0.000  -1.855     -0.5277E-01  -8.842       3.072   -1.7823   1.6149   1.8466   0.35014 -0.6784E-01 -0.1286E-01  -2.9191   2.9820  -5.475      -16.33      -1.3466  0.1249    
    8.800   1800.      0.000  -1.898     -0.5087E-01  -9.589       3.593   -1.7001   1.5696   1.7417   0.31124 -0.5483E-01 -0.9798E-02  -3.0030   2.7338  -6.109      -16.70      -1.1621  0.7032E-01
    8.800   2000.      0.000  -1.919     -0.4669E-01  -9.779       4.159   -1.5193   1.5476   1.7272   0.28011 -0.4492E-01 -0.7285E-02  -3.0461   2.6730  -6.319      -16.89      -0.9877  0.5620E-01
    8.800   2200.      0.000  -1.928     -0.4269E-01  -9.836       4.721   -1.3464   1.5474   1.7252   0.25465 -0.3730E-01 -0.5505E-02  -3.0640   2.6696  -6.357      -16.97      -0.8433  0.4666E-01
    8.800   2400.      0.000  -1.925     -0.3883E-01  -9.759       5.280   -1.1794   1.5671   1.7357   0.23343 -0.3128E-01 -0.4207E-02  -3.0571   2.7200  -6.228      -16.94      -0.7227  0.4010E-01
    8.800   2600.      0.000  -1.909     -0.3506E-01  -9.547       5.838   -1.0165   1.6088   1.7600   0.21547 -0.2644E-01 -0.3237E-02  -3.0260   2.8315  -5.934      -16.80      -0.6212  0.3551E-01
    8.800   2800.      0.000  -1.882     -0.3136E-01  -9.196       6.394   -0.8563   1.6793   1.8010   0.20008 -0.2247E-01 -0.2496E-02  -2.9715   3.0245  -5.476      -16.56      -0.5350  0.3223E-01
    8.800   3000.      0.000  -1.843     -0.2770E-01  -8.701       6.950   -0.6979   1.7940   1.8640   0.18674 -0.1917E-01 -0.1921E-02  -2.8950   3.3440  -4.850      -16.22      -0.4612  0.2984E-01
    8.800   3200.      0.000  -1.793     -0.2405E-01  -8.059       7.505   -0.5401   1.9881   1.9578   0.17507 -0.1639E-01 -0.1466E-02  -2.7976   3.8923  -4.054      -15.78      -0.3976  0.2807E-01
    8.800   3400.      0.000  -1.732     -0.2040E-01  -7.262       8.060   -0.3821   2.3576   2.0982   0.16477 -0.1402E-01 -0.1101E-02  -2.6807   4.9468  -3.080      -15.24      -0.3423  0.2673E-01
    8.800   3600.      0.000  -1.659     -0.1672E-01  -6.305       8.616   -0.2233   3.2767   2.3159   0.15562 -0.1198E-01 -0.8053E-03  -2.5458   7.5885  -1.924      -14.60      -0.2940  0.2569E-01
    8.800   3800.      0.000  -1.576     -0.1302E-01  -5.180       9.173   -0.0630   8.9637   2.6775   0.14743 -0.1022E-01 -0.5626E-03  -2.3941  24.0004 -0.5779      -13.87      -0.2516  0.2487E-01
    8.800   4000.      0.000  -1.482     -0.9264E-02  -3.881       9.730    0.0993  -4.0154   3.3612   0.14006 -0.8672E-02 -0.3613E-03  -2.2270 -13.4966  0.9664      -13.04      -0.2140  0.2421E-01
    8.800   4200.      0.000  -1.378     -0.5454E-02  -2.399      10.288    0.2641  -0.8828   5.0536   0.13339 -0.7310E-02 -0.1930E-03  -2.0456  -4.4614   2.717      -12.12      -0.1805  0.2366E-01
    8.800   4400.      0.000  -1.262     -0.1578E-02 -0.7272      10.848    0.4317  -0.1553  15.2758   0.12732 -0.6104E-02 -0.5087E-04  -1.8514  -2.3718   4.684      -11.11      -0.1506  0.2320E-01
    8.800   4600.      0.000  -1.136      0.2371E-02   1.142      11.409    0.6025   0.1661  -8.7557   0.12179 -0.5027E-02  0.6993E-04  -1.6452  -1.4547   6.875      -10.00      -0.1238  0.2280E-01
    8.800   4800.      0.000 -0.9999      0.6400E-02   3.217      11.972    0.7768   0.3459  -2.7351   0.11671 -0.4063E-02  0.1734E-03  -1.4281  -0.9462   9.300      -8.799      -0.0995  0.2245E-01
    8.800   5000.      0.000 -0.8528      0.1052E-01   5.506      12.536    0.9548   0.4600  -1.3630   0.11205 -0.3193E-02  0.2625E-03  -1.2011  -0.6270   11.97      -7.505      -0.0776  0.2214E-01
    8.800   5200.      0.000 -0.6951      0.1472E-01   8.016      13.102    1.1367   0.5383  -0.7630   0.10774 -0.2406E-02  0.3397E-03  -0.9651  -0.4107   14.89      -6.117      -0.0576  0.2186E-01
    8.800   5400.      0.000 -0.5267      0.1902E-01   10.76      13.670    1.3227   0.5949  -0.4309   0.10375 -0.1691E-02  0.4071E-03  -0.7208  -0.2564   18.08      -4.635      -0.0393  0.2160E-01
    8.800   5600.      0.000 -0.3477      0.2342E-01   13.73      14.240    1.5129   0.6375  -0.2228   0.10004 -0.1038E-02  0.4661E-03  -0.4688  -0.1420   21.54      -3.060      -0.0225  0.2137E-01
    8.800   5800.      0.000 -0.1581      0.2792E-01   16.96      14.812    1.7076   0.6705  -0.0820   0.09659 -0.4400E-03  0.5180E-03  -0.2100  -0.0550   25.29      -1.391      -0.0072  0.2114E-01
    8.800   6000.      0.000  0.4221E-01  0.3253E-01   20.44      15.386    1.9068   0.6966   0.0182   0.09337  0.1098E-03  0.5639E-03   0.0552   0.0127   29.34      0.3714       0.0070  0.2093E-01
