 
# QPROP Version 1.21
# 
# Windmill                                                                        
# 
# Speed-300 7302 (7V) 5.33:1                                                      
#   0.45000      Rmotor (Ohms)                  
#   0.50000      Io     (Amps)                  
#    413.00      Kv     (rpm/Volt)              
# 
#   rho =  1.2250     kg/m^3
#   mu  = 0.17800E-04 kg/m-s
#   a   =  340.00     m/s   
# 
#  1         2        3          4          5         6            7         8       9        10        11        12          13        14        15      16          17           18      19
# 
#  V(m/s)    rpm      Dbeta      T(N)       Q(N-m)    Pshaft(W)    Volts     Amps    effmot   effprop   adv       CT          CP        DV(m/s)   eff     Pelec       Pprop        cl_avg  cd_avg
    8.000   1000.      0.000  -1.060     -0.2899E-01  -3.036       2.082   -0.7540   1.9342   2.7937   0.50930 -0.9926E-01 -0.1809E-01  -1.7143   5.4035  -1.570      -8.483      -1.3882  0.4420    
    8.000   1200.      0.000  -1.309     -0.3600E-01  -4.523       2.430   -1.0568   1.7614   2.3150   0.42441 -0.8509E-01 -0.1560E-01  -2.1891   4.0778  -2.568      -10.47      -1.4414  0.2928    
    8.000   1400.      0.000  -1.505     -0.4241E-01  -6.218       2.789   -1.3343   1.6706   1.9368   0.36378 -0.7190E-01 -0.1350E-01  -2.5935   3.2357  -3.722      -12.04      -1.3849  0.1602    
    8.000   1600.      0.000  -1.565     -0.4233E-01  -7.093       3.275   -1.3309   1.6272   1.7655   0.31831 -0.5724E-01 -0.1032E-01  -2.7231   2.8729  -4.359      -12.52      -1.2011  0.7748E-01
    8.000   1800.      0.000  -1.586     -0.3852E-01  -7.261       3.834   -1.1659   1.6244   1.7478   0.28294 -0.4583E-01 -0.7419E-02  -2.7692   2.8391  -4.470      -12.69      -1.0035  0.6016E-01
    8.000   2000.      0.000  -1.595     -0.3488E-01  -7.305       4.389   -1.0085   1.6504   1.7464   0.25465 -0.3732E-01 -0.5442E-02  -2.7879   2.8823  -4.426      -12.76      -0.8431  0.4893E-01
    8.000   2200.      0.000  -1.591     -0.3137E-01  -7.226       4.941   -0.8565   1.7073   1.7612   0.23150 -0.3077E-01 -0.4044E-02  -2.7793   3.0069  -4.232      -12.73      -0.7116  0.4149E-01
    8.000   2400.      0.000  -1.575     -0.2793E-01  -7.021       5.492   -0.7081   1.8051   1.7947   0.21221 -0.2560E-01 -0.3027E-02  -2.7443   3.2395  -3.889      -12.60      -0.6026  0.3646E-01
    8.000   2600.      0.000  -1.547     -0.2455E-01  -6.686       6.043   -0.5620   1.9688   1.8516   0.19588 -0.2143E-01 -0.2267E-02  -2.6840   3.6454  -3.396      -12.38      -0.5114  0.3297E-01
    8.000   2800.      0.000  -1.508     -0.2120E-01  -6.216       6.592   -0.4169   2.2620   1.9412   0.18189 -0.1801E-01 -0.1687E-02  -2.5998   4.3910  -2.748      -12.07      -0.4344  0.3049E-01
    8.000   3000.      0.000  -1.458     -0.1785E-01  -5.606       7.142   -0.2718   2.8880   2.0805   0.16977 -0.1517E-01 -0.1237E-02  -2.4934   6.0086  -1.941      -11.66      -0.3688  0.2869E-01
    8.000   3200.      0.000  -1.397     -0.1448E-01  -4.851       7.691   -0.1260   5.0033   2.3036   0.15915 -0.1277E-01 -0.8822E-03  -2.3663  11.5256 -0.9695      -11.17      -0.3124  0.2735E-01
    8.000   3400.      0.000  -1.325     -0.1107E-01  -3.942       8.242    0.0212 -22.5916   2.6882   0.14979 -0.1073E-01 -0.5977E-03  -2.2203 -60.7314  0.1745      -10.60      -0.2636  0.2632E-01
    8.000   3600.      0.000  -1.242     -0.7621E-02  -2.873       8.793    0.1704  -1.9171   3.4576   0.14147 -0.8969E-02 -0.3670E-03  -2.0569  -6.6287   1.499      -9.933      -0.2210  0.2552E-01
    8.000   3800.      0.000  -1.148     -0.4111E-02  -1.636       9.346    0.3222  -0.5434   5.6136   0.13403 -0.7442E-02 -0.1777E-03  -1.8777  -3.0502   3.011      -9.184      -0.1836  0.2487E-01
    8.000   4000.      0.000  -1.044     -0.5345E-03 -0.2239       9.900    0.4769  -0.0474  37.2992   0.12732 -0.6107E-02 -0.2085E-04  -1.6840  -1.7687   4.721      -8.350      -0.1505  0.2433E-01
    8.000   4200.      0.000 -0.9289      0.3119E-02   1.372      10.455    0.6349   0.2066  -5.4179   0.12126 -0.4929E-02  0.1103E-03  -1.4774  -1.1196   6.638      -7.431      -0.1211  0.2387E-01
    8.000   4400.      0.000 -0.8035      0.6855E-02   3.158      11.012    0.7965   0.3601  -2.0351   0.11575 -0.3885E-02  0.2210E-03  -1.2589  -0.7329   8.771      -6.428      -0.0949  0.2348E-01
    8.000   4600.      0.000 -0.6674      0.1068E-01   5.145      11.571    0.9619   0.4622  -1.0379   0.11072 -0.2953E-02  0.3150E-03  -1.0298  -0.4797   11.13      -5.339      -0.0713  0.2313E-01
    8.000   4800.      0.000 -0.5208      0.1460E-01   7.338      12.131    1.1314   0.5346  -0.5678   0.10610 -0.2116E-02  0.3954E-03  -0.7909  -0.3036   13.73      -4.167      -0.0500  0.2282E-01
    8.000   5000.      0.000 -0.3636      0.1862E-01   9.747      12.694    1.3051   0.5884  -0.2984   0.10186 -0.1362E-02  0.4647E-03  -0.5434  -0.1756   16.57      -2.909      -0.0307  0.2253E-01
