 
# QPROP Version 1.21
# 
# Windmill                                                                        
# 
# Speed-300 7302 (7V) 5.33:1                                                      
#   0.45000      Rmotor (Ohms)                  
#   0.50000      Io     (Amps)                  
#    413.00      Kv     (rpm/Volt)              
# 
#   rho =  1.2250     kg/m^3
#   mu  = 0.17800E-04 kg/m-s
#   a   =  340.00     m/s   
# 
#  1         2        3          4          5         6            7         8       9        10        11        12          13        14        15      16          17           18      19
# 
#  V(m/s)    rpm      Dbeta      T(N)       Q(N-m)    Pshaft(W)    Volts     Amps    effmot   effprop   adv       CT          CP        DV(m/s)   eff     Pelec       Pprop        cl_avg  cd_avg
    8.800   1000.      0.000  -1.190     -0.3309E-01  -3.466       2.002   -0.9313   1.8586   3.0208   0.56023 -0.1114     -0.2065E-01  -1.7316   5.6144  -1.865      -10.47      -1.3562  0.5056    
    8.800   1200.      0.000  -1.440     -0.4072E-01  -5.117       2.338   -1.2610   1.7354   2.4758   0.46685 -0.9358E-01 -0.1765E-01  -2.1524   4.2966  -2.948      -12.67      -1.4159  0.3520    
    8.800   1400.      0.000  -1.718     -0.5027E-01  -7.370       2.636   -1.6743   1.6698   2.0514   0.40016 -0.8206E-01 -0.1601E-01  -2.6554   3.4253  -4.414      -15.12      -1.4364  0.2167    
    8.800   1600.      0.000  -1.892     -0.5492E-01  -9.201       3.030   -1.8750   1.6194   1.8093   0.35014 -0.6918E-01 -0.1339E-01  -2.9910   2.9299  -5.682      -16.65      -1.3401  0.1124    
    8.800   1800.      0.000  -1.936     -0.5316E-01  -10.02       3.549   -1.7992   1.5695   1.6998   0.31124 -0.5592E-01 -0.1024E-01  -3.0786   2.6677  -6.385      -17.03      -1.1558  0.5947E-01
    8.800   2000.      0.000  -1.959     -0.4917E-01  -10.30       4.111   -1.6265   1.5402   1.6743   0.28011 -0.4585E-01 -0.7671E-02  -3.1266   2.5787  -6.686      -17.24      -0.9829  0.4604E-01
    8.800   2200.      0.000  -1.970     -0.4538E-01  -10.46       4.669   -1.4627   1.5310   1.6584   0.25465 -0.3811E-01 -0.5851E-02  -3.1492   2.5390  -6.829      -17.34      -0.8398  0.3706E-01
    8.800   2400.      0.000  -1.969     -0.4175E-01  -10.49       5.224   -1.3057   1.5385   1.6513   0.23343 -0.3200E-01 -0.4524E-02  -3.1466   2.5405  -6.821      -17.33      -0.7205  0.3096E-01
    8.800   2600.      0.000  -1.956     -0.3824E-01  -10.41       5.776   -1.1538   1.5622   1.6530   0.21547 -0.2708E-01 -0.3530E-02  -3.1195   2.5824  -6.665      -17.21      -0.6200  0.2675E-01
    8.800   2800.      0.000  -1.931     -0.3481E-01  -10.21       6.327   -1.0054   1.6044   1.6646   0.20008 -0.2305E-01 -0.2771E-02  -3.0688   2.6707  -6.362      -16.99      -0.5348  0.2380E-01
    8.800   3000.      0.000  -1.894     -0.3143E-01  -9.875       6.877   -0.8595   1.6707   1.6879   0.18674 -0.1970E-01 -0.2180E-02  -2.9957   2.8200  -5.911      -16.67      -0.4619  0.2169E-01
    8.800   3200.      0.000  -1.846     -0.2809E-01  -9.413       7.426   -0.7149   1.7730   1.7261   0.17507 -0.1688E-01 -0.1712E-02  -2.9015   3.0605  -5.309      -16.25      -0.3991  0.2017E-01
    8.800   3400.      0.000  -1.788     -0.2476E-01  -8.815       7.976   -0.5708   1.9364   1.7846   0.16477 -0.1448E-01 -0.1337E-02  -2.7875   3.4558  -4.552      -15.73      -0.3446  0.1905E-01
    8.800   3600.      0.000  -1.718     -0.2142E-01  -8.075       8.525   -0.4264   2.2216   1.8724   0.15562 -0.1241E-01 -0.1031E-02  -2.6553   4.1597  -3.635      -15.12      -0.2970  0.1821E-01
    8.800   3800.      0.000  -1.638     -0.1806E-01  -7.186       9.075   -0.2810   2.8179   2.0055   0.14743 -0.1062E-01 -0.7805E-03  -2.5061   5.6511  -2.550      -14.41      -0.2551  0.1757E-01
    8.800   4000.      0.000  -1.547     -0.1466E-01  -6.143       9.625   -0.1342   4.7543   2.2158   0.14006 -0.9049E-02 -0.5720E-03  -2.3413  10.5345  -1.292      -13.61      -0.2181  0.1707E-01
    8.800   4200.      0.000  -1.445     -0.1123E-01  -4.937      10.176    0.0145 -33.4650   2.5757   0.13339 -0.7669E-02 -0.3971E-03  -2.1621 -86.1961  0.1475      -12.72      -0.1852  0.1668E-01
    8.800   4400.      0.000  -1.333     -0.7732E-02  -3.563      10.728    0.1656  -2.0055   3.2925   0.12732 -0.6445E-02 -0.2492E-03  -1.9698  -6.6033   1.776      -11.73      -0.1557  0.1636E-01
    8.800   4600.      0.000  -1.210     -0.4176E-02  -2.012      11.282    0.3194  -0.5584   5.2944   0.12179 -0.5355E-02 -0.1232E-03  -1.7655  -2.9562   3.603      -10.65      -0.1293  0.1610E-01
    8.800   4800.      0.000  -1.077     -0.5513E-03 -0.2771      11.837    0.4762  -0.0492  34.2116   0.11671 -0.4377E-02 -0.1493E-04  -1.5503  -1.6820   5.636      -9.480      -0.1054  0.1587E-01
    8.800   5000.      0.000 -0.9337      0.3149E-02   1.649      12.393    0.6362   0.2091  -4.9827   0.11205 -0.3496E-02  0.7861E-04  -1.3251  -1.0421   7.884      -8.216      -0.0838  0.1568E-01
