 
# QPROP Version 1.21
# 
# Windmill                                                                        
# 
# Speed-300 7302 (7V) 5.33:1                                                      
#   0.45000      Rmotor (Ohms)                  
#   0.30000      Io     (Amps)                  
#    826.00      Kv     (rpm/Volt)              
# 
#   rho =  1.2250     kg/m^3
#   mu  = 0.17800E-04 kg/m-s
#   a   =  340.00     m/s   
# 
#  1         2        3          4          5         6            7         8       9        10        11        12          13        14        15      16          17           18      19
# 
#  V(m/s)    rpm      Dbeta      T(N)       Q(N-m)    Pshaft(W)    Volts     Amps    effmot   effprop   adv       CT          CP        DV(m/s)   eff     Pelec       Pprop        cl_avg  cd_avg
    8.800   2000.      0.000  -1.905     -0.4617E-01  -9.671       0.759   -3.6940   3.4491   1.7332   0.28011 -0.4457E-01 -0.7204E-02  -3.0167   5.9780  -2.804      -16.76      -0.9341  0.6783E-01
    8.800   2200.      0.000  -1.979     -0.4576E-01  -10.54       1.017   -3.6583   2.8331   1.6520   0.25465 -0.3828E-01 -0.5900E-02  -3.1672   4.6801  -3.721      -17.42      -0.8350  0.3890E-01
    8.800   2400.      0.000  -1.980     -0.4261E-01  -10.71       1.382   -3.3858   2.2888   1.6273   0.23343 -0.3218E-01 -0.4617E-02  -3.1699   3.7246  -4.679      -17.43      -0.7199  0.2827E-01
    8.800   2600.      0.000  -1.968     -0.3918E-01  -10.67       1.758   -3.0888   1.9647   1.6233   0.21547 -0.2725E-01 -0.3617E-02  -3.1438   3.1893  -5.429      -17.32      -0.6198  0.2417E-01
    8.800   2800.      0.000  -1.943     -0.3583E-01  -10.51       2.130   -2.7994   1.7620   1.6276   0.20008 -0.2320E-01 -0.2852E-02  -3.0941   2.8677  -5.963      -17.10      -0.5348  0.2131E-01
    8.800   3000.      0.000  -1.907     -0.3255E-01  -10.23       2.500   -2.5153   1.6260   1.6415   0.18674 -0.1984E-01 -0.2257E-02  -3.0220   2.6691  -6.288      -16.78      -0.4622  0.1929E-01
    8.800   3200.      0.000  -1.860     -0.2930E-01  -9.818       2.869   -2.2343   1.5318   1.6674   0.17507 -0.1701E-01 -0.1786E-02  -2.9287   2.5541  -6.410      -16.37      -0.3996  0.1784E-01
    8.800   3400.      0.000  -1.802     -0.2607E-01  -9.281       3.237   -1.9547   1.4670   1.7089   0.16477 -0.1459E-01 -0.1407E-02  -2.8156   2.5069  -6.327      -15.86      -0.3453  0.1679E-01
    8.800   3600.      0.000  -1.733     -0.2283E-01  -8.607       3.605   -1.6748   1.4257   1.7723   0.15562 -0.1252E-01 -0.1099E-02  -2.6842   2.5267  -6.037      -15.25      -0.2978  0.1601E-01
    8.800   3800.      0.000  -1.654     -0.1958E-01  -7.791       3.973   -1.3935   1.4071   1.8681   0.14743 -0.1072E-01 -0.8461E-03  -2.5357   2.6285  -5.537      -14.55      -0.2561  0.1542E-01
    8.800   4000.      0.000  -1.564     -0.1630E-01  -6.826       4.343   -1.1095   1.4164   2.0160   0.14006 -0.9148E-02 -0.6356E-03  -2.3716   2.8554  -4.819      -13.76      -0.2192  0.1498E-01
    8.800   4200.      0.000  -1.463     -0.1297E-01  -5.705       4.715   -0.8219   1.4721   2.2567   0.13339 -0.7763E-02 -0.4589E-03  -2.1932   3.3220  -3.875      -12.87      -0.1864  0.1463E-01
    8.800   4400.      0.000  -1.352     -0.9595E-02  -4.421       5.088   -0.5300   1.6394   2.6904   0.12732 -0.6536E-02 -0.3093E-03  -2.0015   4.4108  -2.697      -11.90      -0.1571  0.1435E-01
    8.800   4600.      0.000  -1.230     -0.6161E-02  -2.968       5.464   -0.2329   2.3318   3.6471   0.12179 -0.5441E-02 -0.1817E-03  -1.7979   8.5043  -1.273      -10.82      -0.1307  0.1413E-01
    8.800   4800.      0.000  -1.098     -0.2661E-02  -1.337       5.843    0.0698  -3.2777   7.2235   0.11671 -0.4461E-02 -0.7207E-04  -1.5832 -23.6766  0.4081      -9.661      -0.1070  0.1394E-01
    8.800   5000.      0.000 -0.9553      0.9118E-03  0.4774       6.224    0.3789   0.2025 -17.6081   0.11205 -0.3577E-02  0.2276E-04  -1.3585  -3.5651   2.358      -8.407      -0.0854  0.1378E-01
