 
# QPROP Version 1.21
# 
# Windmill                                                                        
# 
# Speed-300 7302 (7V) 5.33:1                                                      
#   0.45000      Rmotor (Ohms)                  
#    1.0000      Io     (Amps)                  
#    413.00      Kv     (rpm/Volt)              
# 
#   rho =  1.2250     kg/m^3
#   mu  = 0.17800E-04 kg/m-s
#   a   =  340.00     m/s   
# 
#  1         2        3          4          5         6            7         8       9        10        11        12          13        14        15      16          17           18      19
# 
#  V(m/s)    rpm      Dbeta      T(N)       Q(N-m)    Pshaft(W)    Volts     Amps    effmot   effprop   adv       CT          CP        DV(m/s)   eff     Pelec       Pprop        cl_avg  cd_avg
    8.800   1000.      0.000  -1.190     -0.3309E-01  -3.466       2.227   -0.4313   3.6076   3.0208   0.56023 -0.1114     -0.2065E-01  -1.7316  10.8979 -0.9607      -10.47      -1.3562  0.5056    
    8.800   1200.      0.000  -1.440     -0.4072E-01  -5.117       2.563   -0.7610   2.6232   2.4758   0.46685 -0.9358E-01 -0.1765E-01  -2.1524   6.4946  -1.951      -12.67      -1.4159  0.3520    
    8.800   1400.      0.000  -1.718     -0.5027E-01  -7.370       2.861   -1.1743   2.1935   2.0514   0.40016 -0.8206E-01 -0.1601E-01  -2.6554   4.4997  -3.360      -15.12      -1.4364  0.2167    
    8.800   1600.      0.000  -1.892     -0.5492E-01  -9.201       3.255   -1.3750   2.0556   1.8093   0.35014 -0.6918E-01 -0.1339E-01  -2.9910   3.7192  -4.476      -16.65      -1.3401  0.1124    
    8.800   1800.      0.000  -1.936     -0.5316E-01  -10.02       3.774   -1.2992   2.0439   1.6998   0.31124 -0.5592E-01 -0.1024E-01  -3.0786   3.4742  -4.903      -17.03      -1.1558  0.5947E-01
    8.800   2000.      0.000  -1.959     -0.4917E-01  -10.30       4.336   -1.1265   2.1084   1.6743   0.28011 -0.4585E-01 -0.7671E-02  -3.1266   3.5301  -4.884      -17.24      -0.9829  0.4604E-01
    8.800   2200.      0.000  -1.970     -0.4538E-01  -10.46       4.894   -0.9627   2.2192   1.6584   0.25465 -0.3811E-01 -0.5851E-02  -3.1492   3.6803  -4.711      -17.34      -0.8398  0.3706E-01
    8.800   2400.      0.000  -1.969     -0.4175E-01  -10.49       5.449   -0.8057   2.3902   1.6513   0.23343 -0.3200E-01 -0.4524E-02  -3.1466   3.9470  -4.390      -17.33      -0.7205  0.3096E-01
    8.800   2600.      0.000  -1.956     -0.3824E-01  -10.41       6.001   -0.6538   2.6536   1.6530   0.21547 -0.2708E-01 -0.3530E-02  -3.1195   4.3864  -3.924      -17.21      -0.6200  0.2675E-01
    8.800   2800.      0.000  -1.931     -0.3481E-01  -10.21       6.552   -0.5054   3.0818   1.6646   0.20008 -0.2305E-01 -0.2771E-02  -3.0688   5.1301  -3.312      -16.99      -0.5348  0.2380E-01
    8.800   3000.      0.000  -1.894     -0.3143E-01  -9.875       7.102   -0.3595   3.8679   1.6879   0.18674 -0.1970E-01 -0.2180E-02  -2.9957   6.5286  -2.553      -16.67      -0.4619  0.2169E-01
    8.800   3200.      0.000  -1.846     -0.2809E-01  -9.413       7.651   -0.2149   5.7250   1.7261   0.17507 -0.1688E-01 -0.1712E-02  -2.9015   9.8822  -1.644      -16.25      -0.3991  0.2017E-01
    8.800   3400.      0.000  -1.788     -0.2476E-01  -8.815       8.201   -0.0708  15.1906   1.7846   0.16477 -0.1448E-01 -0.1337E-02  -2.7875  27.1095 -0.5803      -15.73      -0.3446  0.1905E-01
    8.800   3600.      0.000  -1.718     -0.2142E-01  -8.075       8.750    0.0736 -12.5318   1.8724   0.15562 -0.1241E-01 -0.1031E-02  -2.6553 -23.4639  0.6443      -15.12      -0.2970  0.1821E-01
    8.800   3800.      0.000  -1.638     -0.1806E-01  -7.186       9.300    0.2190  -3.5292   2.0055   0.14743 -0.1062E-01 -0.7805E-03  -2.5061  -7.0776   2.036      -14.41      -0.2551  0.1757E-01
    8.800   4000.      0.000  -1.547     -0.1466E-01  -6.143       9.850    0.3658  -1.7051   2.2158   0.14006 -0.9049E-02 -0.5720E-03  -2.3413  -3.7780   3.603      -13.61      -0.2181  0.1707E-01
    8.800   4200.      0.000  -1.445     -0.1123E-01  -4.937      10.401    0.5145  -0.9226   2.5757   0.13339 -0.7669E-02 -0.3971E-03  -2.1621  -2.3764   5.351      -12.72      -0.1852  0.1668E-01
    8.800   4400.      0.000  -1.333     -0.7732E-02  -3.563      10.953    0.6656  -0.4887   3.2925   0.12732 -0.6445E-02 -0.2492E-03  -1.9698  -1.6090   7.290      -11.73      -0.1557  0.1636E-01
    8.800   4600.      0.000  -1.210     -0.4176E-02  -2.012      11.507    0.8194  -0.2134   5.2944   0.12179 -0.5355E-02 -0.1232E-03  -1.7655  -1.1297   9.428      -10.65      -0.1293  0.1610E-01
    8.800   4800.      0.000  -1.077     -0.5513E-03 -0.2771      12.062    0.9762  -0.0235  34.2116   0.11671 -0.4377E-02 -0.1493E-04  -1.5503  -0.8052   11.77      -9.480      -0.1054  0.1587E-01
    8.800   5000.      0.000 -0.9337      0.3149E-02   1.649      12.618    1.1362   0.1150  -4.9827   0.11205 -0.3496E-02  0.7861E-04  -1.3251  -0.5731   14.34      -8.216      -0.0838  0.1568E-01
