 
# QPROP Version 1.21
# 
# Windmill                                                                        
# 
# Speed-300 7302 (7V) 5.33:1                                                      
#   0.45000      Rmotor (Ohms)                  
#   0.50000      Io     (Amps)                  
#    413.00      Kv     (rpm/Volt)              
# 
#   rho =  1.2250     kg/m^3
#   mu  = 0.17800E-04 kg/m-s
#   a   =  340.00     m/s   
# 
#  1         2        3          4          5         6            7         8       9        10        11        12          13        14        15      16          17           18      19
# 
#  V(m/s)    rpm      Dbeta      T(N)       Q(N-m)    Pshaft(W)    Volts     Amps    effmot   effprop   adv       CT          CP        DV(m/s)   eff     Pelec       Pprop        cl_avg  cd_avg
    9.200   1000.      0.000  -1.226     -0.3298E-01  -3.453       2.005   -0.9262   1.8600   3.2657   0.58569 -0.1147     -0.2058E-01  -1.6949   6.0742  -1.857      -11.28      -1.3390  0.5581    
    9.200   1200.      0.000  -1.463     -0.4082E-01  -5.130       2.336   -1.2655   1.7352   2.6239   0.48808 -0.9511E-01 -0.1769E-01  -2.0692   4.5529  -2.956      -13.46      -1.4018  0.3994    
    9.200   1400.      0.000  -1.755     -0.4957E-01  -7.267       2.650   -1.6439   1.6682   2.2218   0.41835 -0.8382E-01 -0.1578E-01  -2.5591   3.7065  -4.356      -16.15      -1.4432  0.2713    
    9.200   1600.      0.000  -1.978     -0.5697E-01  -9.545       2.990   -1.9639   1.6254   1.9065   0.36606 -0.7233E-01 -0.1389E-01  -2.9588   3.0987  -5.873      -18.20      -1.3907  0.1565    
    9.200   1800.      0.000  -2.060     -0.5771E-01  -10.88       3.460   -1.9960   1.5751   1.7424   0.32538 -0.5953E-01 -0.1112E-01  -3.1129   2.7445  -6.907      -18.95      -1.2403  0.7590E-01
    9.200   2000.      0.000  -2.088     -0.5324E-01  -11.15       4.032   -1.8024   1.5344   1.7233   0.29285 -0.4888E-01 -0.8306E-02  -3.1666   2.6442  -7.266      -19.21      -1.0596  0.6030E-01
    9.200   2200.      0.000  -2.104     -0.4897E-01  -11.28       4.599   -1.6180   1.5163   1.7157   0.26622 -0.4069E-01 -0.6314E-02  -3.1963   2.6014  -7.441      -19.36      -0.9092  0.4966E-01
    9.200   2400.      0.000  -2.107     -0.4487E-01  -11.28       5.163   -1.4406   1.5162   1.7189   0.24404 -0.3424E-01 -0.4861E-02  -3.2020   2.6062  -7.438      -19.38      -0.7831  0.4228E-01
    9.200   2600.      0.000  -2.098     -0.4089E-01  -11.13       5.725   -1.2684   1.5332   1.7335   0.22527 -0.2905E-01 -0.3775E-02  -3.1841   2.6578  -7.261      -19.30      -0.6766  0.3708E-01
    9.200   2800.      0.000  -2.076     -0.3699E-01  -10.85       6.285   -1.0998   1.5692   1.7611   0.20918 -0.2479E-01 -0.2945E-02  -3.1433   2.7635  -6.912      -19.10      -0.5859  0.3335E-01
    9.200   3000.      0.000  -2.043     -0.3315E-01  -10.42       6.844   -0.9338   1.6297   1.8049   0.19523 -0.2125E-01 -0.2299E-02  -3.0807   2.9415  -6.391      -18.80      -0.5081  0.3063E-01
    9.200   3200.      0.000  -1.999     -0.2935E-01  -9.834       7.402   -0.7692   1.7272   1.8699   0.18303 -0.1827E-01 -0.1788E-02  -2.9973   3.2298  -5.694      -18.39      -0.4409  0.2861E-01
    9.200   3400.      0.000  -1.943     -0.2555E-01  -9.097       7.960   -0.6051   1.8888   1.9649   0.17226 -0.1573E-01 -0.1379E-02  -2.8943   3.7114  -4.816      -17.88      -0.3825  0.2708E-01
    9.200   3600.      0.000  -1.876     -0.2175E-01  -8.200       8.518   -0.4407   2.1842   2.1050   0.16269 -0.1355E-01 -0.1047E-02  -2.7731   4.5979  -3.754      -17.26      -0.3314  0.2590E-01
    9.200   3800.      0.000  -1.798     -0.1793E-01  -7.134       9.077   -0.2754   2.8539   2.3190   0.15413 -0.1166E-01 -0.7748E-03  -2.6348   6.6184  -2.500      -16.55      -0.2864  0.2497E-01
    9.200   4000.      0.000  -1.710     -0.1407E-01  -5.894       9.636   -0.1086   5.6326   2.6686   0.14642 -0.1000E-01 -0.5489E-03  -2.4807  15.0310  -1.046      -15.73      -0.2465  0.2423E-01
    9.200   4200.      0.000  -1.610     -0.1017E-01  -4.472      10.197    0.0602  -7.2844   3.3126   0.13945 -0.8546E-02 -0.3597E-03  -2.3120 -24.1303  0.6140      -14.82      -0.2110  0.2362E-01
    9.200   4400.      0.000  -1.500     -0.6209E-02  -2.861      10.758    0.2315  -1.1490   4.8243   0.13311 -0.7254E-02 -0.2002E-03  -2.1298  -5.5431   2.490      -13.80      -0.1793  0.2312E-01
    9.200   4600.      0.000  -1.379     -0.2185E-02  -1.053      11.320    0.4055  -0.2293  12.0579   0.12732 -0.6103E-02 -0.6444E-04  -1.9352  -2.7647   4.590      -12.69      -0.1507  0.2269E-01
    9.200   4800.      0.000  -1.248      0.1911E-02  0.9608      11.884    0.5827   0.1388 -11.9505   0.12202 -0.5071E-02  0.5177E-04  -1.7292  -1.6581   6.925      -11.48      -0.1250  0.2231E-01
    9.200   5000.      0.000  -1.106      0.6086E-02   3.187      12.450    0.7632   0.3354  -3.1929   0.11714 -0.4141E-02  0.1519E-03  -1.5127  -1.0708   9.502      -10.18      -0.1016  0.2199E-01
    9.200   5200.      0.000 -0.9534      0.1035E-01   5.634      13.017    0.9474   0.4568  -1.5569   0.11263 -0.3300E-02  0.2388E-03  -1.2867  -0.7112   12.33      -8.771      -0.0804  0.2169E-01
    9.200   5400.      0.000 -0.7901      0.1469E-01   8.309      13.586    1.1355   0.5386  -0.8748   0.10846 -0.2536E-02  0.3145E-03  -1.0519  -0.4712   15.43      -7.269      -0.0610  0.2143E-01
    9.200   5600.      0.000 -0.6162      0.1914E-01   11.22      14.157    1.3276   0.5971  -0.5051   0.10459 -0.1839E-02  0.3808E-03  -0.8090  -0.3016   18.79      -5.669      -0.0432  0.2118E-01
    9.200   5800.      0.000 -0.4316      0.2368E-01   14.38      14.729    1.5239   0.6406  -0.2761   0.10098 -0.1201E-02  0.4392E-03  -0.5587  -0.1769   22.45      -3.971      -0.0268  0.2096E-01
    9.200   6000.      0.000 -0.2363      0.2832E-01   17.79      15.304    1.7246   0.6741  -0.1222   0.09762 -0.6145E-03  0.4908E-03  -0.3016  -0.0824   26.39      -2.174      -0.0117  0.2074E-01
