 
Windmill                                        

   2       ! Nblades

  -0.2000  5.9000    ! CL0    CL_a 
  -1.0000  0.8000    ! CLmin  CLmax

   0.02200  0.04000  0.04000 -0.2000    ! CD0    CD2u  CD2l  CLCD0
    40000.0  -0.500            ! REref  REexp

   1.0000  1.0000  1.0000   !  Rfac   Cfac   Bfac
   0.0000  0.0000  0.0000   !  Radd   Cadd   Badd
 
#        r            c        beta
   0.22167E-01  0.62228E-01  35.5617
   0.26500E-01  0.62340E-01  32.0181
   0.30833E-01  0.61450E-01  28.9475
   0.35167E-01  0.59990E-01  26.2898
   0.39500E-01  0.58233E-01  23.9872
   0.43833E-01  0.56346E-01  21.9874
   0.48167E-01  0.54428E-01  20.2443
   0.52500E-01  0.52535E-01  18.7187
   0.56833E-01  0.50697E-01  17.3774
   0.61167E-01  0.48926E-01  16.1925
   0.65500E-01  0.47223E-01  15.1409
   0.69833E-01  0.45585E-01  14.2031
   0.74167E-01  0.44003E-01  13.3627
   0.78500E-01  0.42466E-01  12.6063
   0.82833E-01  0.40963E-01  11.9223
   0.87167E-01  0.39479E-01  11.3011
   0.91500E-01  0.38001E-01  10.7343
   0.95833E-01  0.36513E-01  10.2151
   0.10017      0.35000E-01   9.7376
   0.10450      0.33445E-01   9.2966
   0.10883      0.31828E-01   8.8877
   0.11317      0.30127E-01   8.5075
   0.11750      0.28319E-01   8.1528
   0.12183      0.26372E-01   7.8211
   0.12617      0.24247E-01   7.5106
   0.13050      0.21892E-01   7.2205
   0.13483      0.19224E-01   6.9512
   0.13917      0.16105E-01   6.7067
   0.14350      0.12237E-01   6.5029
   0.14783      0.65963E-02   6.4471
   0.15000      0.31116E-02   6.4746
