 
# QPROP Version 1.22
# 
# Nemo MIL Input                                                                  
# 
# Any motor                                                                       
#    1.0000      motor parameter 1 ,  R  (Ohms) 
#    1.0000      motor parameter 2 ,  Io (Amps) 
#    1.0000      motor parameter 3 ,  Kv (rpm/Vo
# 
#   rho =  1025.0     kg/m^3
#   mu  = 0.10020E-02 kg/m-s
#   a   =  1481.0     m/s   
# 
#  1         2        3          4          5         6            7         8       9        10        11        12          13        14        15      16          17           18      19
# 
#  V(m/s)    rpm      Dbeta      T(N)       Q(N-m)    Pshaft(W)    Volts     Amps    effmot   effprop   adv       CT          CP        DV(m/s)   eff     Pelec       Pprop        cl_avg  cd_avg
    0.000   386.4      0.000   36.34       4.248       171.9     387.805    1.4449   0.3067   0.0000   0.00000  0.3589E-01  0.2997E-01   1.0731   0.0000   560.3       0.000       0.9243  0.8118    
    0.250   386.4      0.000   36.88       4.119       166.7     387.791    1.4313   0.3002   0.0553   0.04414  0.3643E-01  0.2906E-01   0.8596   0.0166   555.1       9.221       0.9545  0.7286    
    0.500   386.4      0.000   37.92       4.009       162.2     387.780    1.4198   0.2946   0.1169   0.08827  0.3745E-01  0.2828E-01   0.7048   0.0344   550.6       18.96       0.9860  0.6366    
    0.750   386.4      0.000   39.50       3.937       159.3     387.772    1.4123   0.2909   0.1860   0.13241  0.3902E-01  0.2777E-01   0.5970   0.0541   547.6       29.63       1.0166  0.5418    
    1.000   386.4      0.000   41.61       3.918       158.5     387.770    1.4103   0.2899   0.2625   0.17654  0.4109E-01  0.2764E-01   0.5227   0.0761   546.9       41.61       1.0447  0.4496    
    1.250   386.4      0.000   44.15       3.963       160.4     387.775    1.4151   0.2922   0.3441   0.22068  0.4360E-01  0.2796E-01   0.4709   0.1006   548.7       55.19       1.0694  0.3640    
    1.500   386.4      0.000   47.02       4.078       165.0     387.787    1.4271   0.2982   0.4275   0.26481  0.4644E-01  0.2877E-01   0.4339   0.1275   553.4       70.54       1.0905  0.2875    
    1.750   386.4      0.000   50.13       4.266       172.6     387.807    1.4468   0.3076   0.5082   0.30895  0.4951E-01  0.3010E-01   0.4066   0.1564   561.1       87.73       1.1078  0.2214    
    2.000   386.4      0.000   53.37       4.528       183.2     387.834    1.4741   0.3204   0.5826   0.35309  0.5271E-01  0.3194E-01   0.3856   0.1867   571.7       106.7       1.1216  0.1661    
    2.250   386.4      0.000   56.65       4.862       196.7     387.869    1.5092   0.3361   0.6479   0.39722  0.5595E-01  0.3430E-01   0.3687   0.2178   585.4       127.5       1.1321  0.1211    
    2.500   386.4      0.000   59.91       5.269       213.2     387.912    1.5518   0.3541   0.7026   0.44136  0.5917E-01  0.3717E-01   0.3546   0.2488   601.9       149.8       1.1398  0.8575E-01
    2.750   386.4      0.000   63.08       5.745       232.4     387.962    1.6016   0.3741   0.7464   0.48549  0.6230E-01  0.4053E-01   0.3422   0.2792   621.4       173.5       1.1450  0.5893E-01
    3.000   386.4      0.000   66.12       6.274       253.8     388.017    1.6570   0.3948   0.7815   0.52963  0.6531E-01  0.4426E-01   0.3310   0.3085   642.9       198.4       1.1461  0.3819E-01
    3.250   386.4      0.000   63.58       6.125       247.8     388.001    1.6414   0.3891   0.8338   0.57377  0.6279E-01  0.4321E-01   0.2964   0.3244   636.9       206.6       1.0366  0.1327E-01
    3.500   386.4      0.000   56.88       5.755       232.9     387.963    1.6027   0.3745   0.8550   0.61790  0.5618E-01  0.4060E-01   0.2487   0.3202   621.8       199.1       0.8897  0.1112E-01
    3.750   386.4      0.000   49.97       5.306       214.7     387.916    1.5556   0.3557   0.8729   0.66204  0.4935E-01  0.3743E-01   0.2055   0.3105   603.5       187.4       0.7518  0.9720E-02
    4.000   386.4      0.000   42.84       4.774       193.2     387.860    1.5000   0.3320   0.8872   0.70617  0.4232E-01  0.3368E-01   0.1663   0.2946   581.8       171.4       0.6225  0.8927E-02
    4.250   386.4      0.000   35.49       4.158       168.2     387.795    1.4354   0.3022   0.8967   0.75031  0.3505E-01  0.2933E-01   0.1303   0.2710   556.6       150.8       0.5015  0.8633E-02
    4.500   386.4      0.000   27.88       3.455       139.8     387.722    1.3618   0.2647   0.8977   0.79444  0.2754E-01  0.2437E-01   0.0971   0.2377   528.0       125.5       0.3880  0.8958E-02
    4.750   386.4      0.000   20.01       2.664       107.8     387.639    1.2790   0.2174   0.8815   0.83858  0.1976E-01  0.1880E-01   0.0663   0.1917   495.8       95.03       0.2817  0.9869E-02
    5.000   386.4      0.000   11.85       1.784       72.16     387.547    1.1868   0.1569   0.8211   0.88272  0.1170E-01  0.1258E-01   0.0374   0.1288   459.9       59.25       0.1820  0.1124E-01
    5.250   386.4      0.000   3.417      0.8101       32.78     387.445    1.0848   0.0780   0.5474   0.92685  0.3375E-02  0.5715E-02   0.0103   0.0427   420.3       17.94       0.0884  0.1295E-01
    5.500   386.4      0.000  -2.030      0.5225       21.14     387.415    1.0547   0.0517  -0.5280   0.97099 -0.2004E-02  0.3686E-02  -0.0058  -0.0273   408.6      -11.16       0.0444  0.2609E-01
    5.750   386.4      0.000  -4.535      0.4897       19.81     387.411    1.0513   0.0487  -1.3160   1.01512 -0.4479E-02  0.3455E-02  -0.0125  -0.0640   407.3      -26.07       0.0285  0.3408E-01
    6.000   386.4      0.000  -6.778      0.5186       20.98     387.414    1.0543   0.0514  -1.9382   1.05926 -0.6694E-02  0.3659E-02  -0.0179  -0.0996   408.5      -40.67       0.0192  0.4184E-01
    6.250   386.4      0.000  -9.193      0.5820       23.55     387.421    1.0610   0.0573  -2.4399   1.10340 -0.9080E-02  0.4106E-02  -0.0233  -0.1398   411.0      -57.46       0.0131  0.5025E-01
    6.500   386.4      0.000  -11.86      0.6693       27.08     387.430    1.0701   0.0653  -2.8458   1.14753 -0.1171E-01  0.4722E-02  -0.0290  -0.1859   414.6      -77.07       0.0090  0.5912E-01
    6.750   386.4      0.000  -14.82      0.7714       31.21     387.441    1.0808   0.0745  -3.2062   1.19167 -0.1464E-01  0.5442E-02  -0.0349  -0.2390   418.7      -100.1       0.0057  0.6829E-01
    7.000   386.4      0.000  -17.99      0.8883       35.94     387.453    1.0930   0.0849  -3.5048   1.23580 -0.1777E-01  0.6266E-02  -0.0408  -0.2974   423.5      -126.0       0.0035  0.7725E-01
    7.250   386.4      0.000  -21.61       1.014       41.01     387.466    1.1061   0.0957  -3.8202   1.27994 -0.2134E-01  0.7151E-02  -0.0474  -0.3656   428.6      -156.7       0.0014  0.8673E-01
    7.500   386.4      0.000  -25.44       1.153       46.65     387.481    1.1207   0.1074  -4.0891   1.32407 -0.2512E-01  0.8135E-02  -0.0539  -0.4393   434.3      -190.8       0.0003  0.9588E-01
    7.750   386.4      0.000  -29.61       1.299       52.55     387.496    1.1360   0.1194  -4.3662   1.36821 -0.2924E-01  0.9163E-02  -0.0608  -0.5213   440.2      -229.5      -0.0008  0.1050    
    8.000   386.4      0.000  -34.13       1.451       58.69     387.512    1.1519   0.1315  -4.6519   1.41235 -0.3371E-01  0.1023E-01  -0.0679  -0.6116   446.4      -273.0      -0.0018  0.1141    

