Nemo MIL Input                                  

   2       ! Nblades

   0.4321  6.3527    ! CL0    CL_a 
  -0.0055  1.2667    ! CLmin  CLmax

   0.01214  0.01964  0.03927  0.5158    ! CD0    CD2u  CD2l  CLCD0
   100000.0  -0.500            ! REref  REexp

   1.0000  1.0000  1.0000   !  Rfac   Cfac   Bfac
   0.0000  0.0000  0.0000   !  Radd   Cadd   Badd
 
#        r            c        beta
   0.22750E-01  0.25E-01     82.8066 -0.017  6.297310531  -0.7534  0.5031  0.04618  0.023605876  0.026143447  0.0894  50000
   0.53750E-01  0.31261E-01  68.8062  0.218  6.569873107  -0.6346  0.9421  0.03583  0.061527478  0.009512802  0.7170  50000
   0.69250E-01  0.35648E-01  62.7601  0.408  7.561020848  -0.3971  1.1325  0.03185  0.004888645  0.045685475  0.3558  50000
   0.84750E-01  0.37502E-01  57.4014
   0.10025      0.37030E-01  52.6976
   0.11575      0.34516E-01  48.5882
   0.13125      0.30146E-01  45.0024
   0.14675      0.23756E-01  41.8693
   0.16225      0.13802E-01  39.1238
   0.17000      0.74882E-02  37.8964
