 
# QPROP Version 1.22
# 
# Nemo MIL Input                                                                  
# 
# Any motor                                                                       
#    1.0000      motor parameter 1 ,  R  (Ohms) 
#    1.0000      motor parameter 2 ,  Io (Amps) 
#    1.0000      motor parameter 3 ,  Kv (rpm/Vo
# 
#   rho =  1025.0     kg/m^3
#   mu  = 0.10020E-02 kg/m-s
#   a   =  1481.0     m/s   
# 
#  1         2        3          4          5         6            7         8       9        10        11        12          13        14        15      16          17           18      19
# 
#  V(m/s)    rpm      Dbeta      T(N)       Q(N-m)    Pshaft(W)    Volts     Amps    effmot   effprop   adv       CT          CP        DV(m/s)   eff     Pelec       Pprop        cl_avg  cd_avg
    0.000   321.8      0.000   38.52       5.254       177.1     323.350    1.5502   0.3532   0.0000   0.00000  0.2522E-01  0.2024E-01   0.9098   0.0000   501.3       0.000       0.9160  0.8352    
    0.250   321.8      0.000   38.92       5.086       171.4     323.333    1.5326   0.3459   0.0568   0.04364  0.2549E-01  0.1959E-01   0.6981   0.0196   495.5       9.730       0.9462  0.7536    
    0.500   321.8      0.000   39.84       4.933       166.2     323.317    1.5166   0.3390   0.1198   0.08728  0.2609E-01  0.1900E-01   0.5517   0.0406   490.3       19.92       0.9785  0.6609    
    0.750   321.8      0.000   41.35       4.824       162.5     323.305    1.5051   0.3340   0.1908   0.13092  0.2708E-01  0.1858E-01   0.4546   0.0637   486.6       31.01       1.0101  0.5641    
    1.000   321.8      0.000   43.43       4.779       161.0     323.300    1.5004   0.3320   0.2697   0.17456  0.2844E-01  0.1841E-01   0.3905   0.0895   485.1       43.43       1.0392  0.4695    
    1.250   321.8      0.000   46.00       4.812       162.1     323.304    1.5039   0.3335   0.3546   0.21820  0.3012E-01  0.1853E-01   0.3472   0.1183   486.2       57.50       1.0650  0.3813    
    1.500   321.8      0.000   48.94       4.931       166.2     323.316    1.5164   0.3389   0.4418   0.26183  0.3205E-01  0.1899E-01   0.3171   0.1497   490.3       73.41       1.0869  0.3023    
    1.750   321.8      0.000   52.15       5.141       173.2     323.338    1.5383   0.3483   0.5268   0.30547  0.3415E-01  0.1980E-01   0.2953   0.1835   497.4       91.27       1.1050  0.2339    
    2.000   321.8      0.000   55.53       5.442       183.4     323.370    1.5699   0.3612   0.6056   0.34911  0.3636E-01  0.2096E-01   0.2789   0.2188   507.6       111.1       1.1194  0.1765    
    2.250   321.8      0.000   58.98       5.834       196.6     323.411    1.6109   0.3773   0.6750   0.39275  0.3862E-01  0.2247E-01   0.2659   0.2547   521.0       132.7       1.1305  0.1297    
    2.500   321.8      0.000   62.42       6.315       212.8     323.461    1.6613   0.3960   0.7333   0.43639  0.4087E-01  0.2432E-01   0.2553   0.2904   537.4       156.0       1.1387  0.9267E-01
    2.750   321.8      0.000   65.78       6.882       231.9     323.521    1.7207   0.4166   0.7800   0.48003  0.4308E-01  0.2651E-01   0.2460   0.3250   556.7       180.9       1.1443  0.6441E-01
    3.000   321.8      0.000   69.04       7.531       253.8     323.589    1.7886   0.4385   0.8161   0.52367  0.4521E-01  0.2901E-01   0.2379   0.3579   578.8       207.1       1.1468  0.4332E-01
    3.250   321.8      0.000   67.33       7.461       251.4     323.581    1.7813   0.4362   0.8703   0.56731  0.4409E-01  0.2874E-01   0.2155   0.3796   576.4       218.8       1.0529  0.1492E-01
    3.500   321.8      0.000   59.13       6.918       233.1     323.524    1.7244   0.4179   0.8877   0.61095  0.3872E-01  0.2665E-01   0.1771   0.3710   557.9       207.0       0.8898  0.1227E-01
    3.750   321.8      0.000   50.72       6.262       211.0     323.456    1.6557   0.3940   0.9014   0.65459  0.3322E-01  0.2412E-01   0.1426   0.3552   535.6       190.2       0.7371  0.1063E-01
    4.000   321.8      0.000   42.10       5.489       185.0     323.375    1.5748   0.3632   0.9106   0.69823  0.2757E-01  0.2114E-01   0.1116   0.3307   509.2       168.4       0.5941  0.9782E-02
    4.250   321.8      0.000   33.25       4.595       154.8     323.281    1.4812   0.3234   0.9127   0.74187  0.2178E-01  0.1770E-01   0.0833   0.2951   478.8       141.3       0.4604  0.9648E-02
    4.500   321.8      0.000   24.13       3.581       120.7     323.175    1.3750   0.2716   0.8998   0.78550  0.1580E-01  0.1380E-01   0.0573   0.2444   444.4       108.6       0.3352  0.1042E-01
    4.750   321.8      0.000   14.72       2.445       82.38     323.056    1.2560   0.2030   0.8490   0.82914  0.9642E-02  0.9416E-02   0.0332   0.1724   405.8       69.94       0.2181  0.1195E-01
    5.000   321.8      0.000   5.028       1.181       39.80     322.924    1.1237   0.1097   0.6316   0.87278  0.3292E-02  0.4550E-02   0.0108   0.0693   362.9       25.14       0.1084  0.1407E-01
    5.250   321.8      0.000  -1.891      0.6281       21.17     322.866    1.0658   0.0615  -0.4690   0.91642 -0.1238E-02  0.2419E-02  -0.0039  -0.0289   344.1      -9.928       0.0474  0.2738E-01
    5.500   321.8      0.000  -4.449      0.5891       19.85     322.862    1.0617   0.0579  -1.2325   0.96006 -0.2913E-02  0.2269E-02  -0.0087  -0.0714   342.8      -24.47       0.0300  0.3576E-01
    5.750   321.8      0.000  -6.713      0.6317       21.29     322.866    1.0662   0.0618  -1.8131   1.00370 -0.4396E-02  0.2433E-02  -0.0126  -0.1121   344.2      -38.60       0.0202  0.4404E-01
    6.000   321.8      0.000  -9.149      0.7185       24.21     322.875    1.0752   0.0697  -2.2674   1.04734 -0.5991E-02  0.2767E-02  -0.0164  -0.1581   347.2      -54.90       0.0140  0.5306E-01
    6.250   321.8      0.000  -11.85      0.8350       28.14     322.887    1.0874   0.0801  -2.6316   1.09098 -0.7759E-02  0.3217E-02  -0.0204  -0.2109   351.1      -74.05       0.0099  0.6260E-01
    6.500   321.8      0.000  -14.87      0.9697       32.68     322.902    1.1015   0.0919  -2.9586   1.13462 -0.9740E-02  0.3735E-02  -0.0246  -0.2718   355.7      -96.68       0.0066  0.7247E-01
    6.750   321.8      0.000  -18.13       1.124       37.87     322.918    1.1177   0.1049  -3.2306   1.17826 -0.1187E-01  0.4329E-02  -0.0289  -0.3390   360.9      -122.4       0.0044  0.8219E-01
    7.000   321.8      0.000  -21.74       1.288       43.40     322.935    1.1349   0.1184  -3.5067   1.22190 -0.1424E-01  0.4961E-02  -0.0335  -0.4153   366.5      -152.2       0.0023  0.9204E-01
    7.250   321.8      0.000  -25.80       1.470       49.54     322.954    1.1539   0.1329  -3.7754   1.26554 -0.1689E-01  0.5662E-02  -0.0383  -0.5018   372.7      -187.0       0.0011  0.1023    
    7.500   321.8      0.000  -30.11       1.661       55.99     322.974    1.1740   0.1477  -4.0341   1.30917 -0.1972E-01  0.6400E-02  -0.0433  -0.5957   379.2      -225.9       0.0001  0.1122    
    7.750   321.8      0.000  -34.80       1.861       62.71     322.995    1.1949   0.1625  -4.3015   1.35281 -0.2279E-01  0.7168E-02  -0.0484  -0.6989   385.9      -269.7      -0.0009  0.1221    
    8.000   321.8      0.000  -39.86       2.067       69.67     323.017    1.2165   0.1773  -4.5776   1.39645 -0.2610E-01  0.7963E-02  -0.0537  -0.8116   392.9      -318.9      -0.0018  0.1319    

