 
# QPROP Version 1.22
# 
# Nemo MIL Input                                                                  
# 
# Any motor                                                                       
#    1.0000      motor parameter 1 ,  R  (Ohms) 
#    1.0000      motor parameter 2 ,  Io (Amps) 
#    1.0000      motor parameter 3 ,  Kv (rpm/Vo
# 
#   rho =  1025.0     kg/m^3
#   mu  = 0.10020E-02 kg/m-s
#   a   =  1481.0     m/s   
# 
#  1         2        3          4          5         6            7         8       9        10        11        12          13        14        15      16          17           18      19
# 
#  V(m/s)    rpm      Dbeta      T(N)       Q(N-m)    Pshaft(W)    Volts     Amps    effmot   effprop   adv       CT          CP        DV(m/s)   eff     Pelec       Pprop        cl_avg  cd_avg
    0.000   321.8      0.000   38.13       5.240       176.6     323.339    1.5487   0.3526   0.0000   0.00000  0.2497E-01  0.2019E-01   0.9053   0.0000   500.8       0.000       0.9032  0.8350    
    0.250   321.8      0.000   38.45       5.065       170.7     323.320    1.5304   0.3449   0.0563   0.04364  0.2518E-01  0.1951E-01   0.6928   0.0194   494.8       9.612       0.9321  0.7521    
    0.500   321.8      0.000   39.30       4.903       165.2     323.303    1.5134   0.3377   0.1189   0.08728  0.2574E-01  0.1889E-01   0.5462   0.0402   489.3       19.65       0.9624  0.6577    
    0.750   321.8      0.000   40.77       4.784       161.2     323.291    1.5010   0.3322   0.1897   0.13092  0.2670E-01  0.1843E-01   0.4494   0.0630   485.3       30.58       0.9914  0.5595    
    1.000   321.8      0.000   42.82       4.729       159.4     323.285    1.4952   0.3297   0.2687   0.17456  0.2804E-01  0.1822E-01   0.3857   0.0886   483.4       42.82       1.0174  0.4637    
    1.250   321.8      0.000   45.36       4.751       160.1     323.288    1.4976   0.3307   0.3541   0.21820  0.2970E-01  0.1830E-01   0.3429   0.1171   484.1       56.69       1.0395  0.3748    
    1.500   321.8      0.000   48.27       4.859       163.7     323.299    1.5088   0.3357   0.4422   0.26184  0.3161E-01  0.1872E-01   0.3131   0.1484   487.8       72.40       1.0576  0.2956    
    1.750   321.8      0.000   51.44       5.056       170.4     323.319    1.5295   0.3446   0.5283   0.30548  0.3368E-01  0.1948E-01   0.2915   0.1820   494.5       90.01       1.0717  0.2272    
    2.000   321.8      0.000   54.76       5.344       180.1     323.350    1.5596   0.3571   0.6082   0.34912  0.3586E-01  0.2059E-01   0.2753   0.2172   504.3       109.5       1.0822  0.1702    
    2.250   321.8      0.000   58.15       5.721       192.8     323.389    1.5991   0.3728   0.6786   0.39276  0.3808E-01  0.2204E-01   0.2624   0.2530   517.1       130.8       1.0894  0.1239    
    2.500   321.8      0.000   61.52       6.187       208.5     323.438    1.6479   0.3912   0.7377   0.43641  0.4029E-01  0.2383E-01   0.2517   0.2886   533.0       153.8       1.0939  0.8760E-01
    2.750   321.8      0.000   64.80       6.738       227.0     323.496    1.7056   0.4115   0.7849   0.48005  0.4244E-01  0.2596E-01   0.2425   0.3230   551.7       178.2       1.0961  0.6014E-01
    3.000   321.8      0.000   67.94       7.371       248.4     323.562    1.7719   0.4333   0.8206   0.52369  0.4449E-01  0.2840E-01   0.2342   0.3555   573.3       203.8       1.0964  0.4037E-01
    3.250   321.8      0.000   66.68       7.367       248.2     323.561    1.7715   0.4331   0.8729   0.56733  0.4366E-01  0.2838E-01   0.2134   0.3781   573.2       216.7       1.0172  0.1417E-01
    3.500   321.8      0.000   58.21       6.800       229.1     323.502    1.7121   0.4137   0.8891   0.61097  0.3812E-01  0.2620E-01   0.1744   0.3678   553.9       203.7       0.8511  0.1242E-01
    3.750   321.8      0.000   49.53       6.115       206.1     323.430    1.6404   0.3884   0.9013   0.65461  0.3243E-01  0.2356E-01   0.1393   0.3501   530.5       185.7       0.6955  0.1142E-01
    4.000   321.8      0.000   40.64       5.307       178.8     323.346    1.5558   0.3555   0.9089   0.69825  0.2661E-01  0.2044E-01   0.1077   0.3231   503.0       162.6       0.5499  0.1092E-01
    4.250   321.8      0.000   31.53       4.374       147.4     323.248    1.4580   0.3127   0.9092   0.74189  0.2065E-01  0.1685E-01   0.0790   0.2843   471.3       134.0       0.4139  0.1088E-01
    4.500   321.8      0.000   22.17       3.314       111.7     323.137    1.3470   0.2565   0.8936   0.78553  0.1452E-01  0.1276E-01   0.0526   0.2292   435.3       99.78       0.2867  0.1141E-01
    4.750   321.8      0.000   12.56       2.124       71.57     323.012    1.2224   0.1813   0.8333   0.82917  0.8223E-02  0.8182E-02   0.0283   0.1510   394.9       59.64       0.1677  0.1244E-01
    5.000   321.8      0.000   2.673      0.8017       27.02     322.874    1.0840   0.0772   0.4947   0.87281  0.1750E-02  0.3088E-02   0.0057   0.0382   350.0       13.37       0.0563  0.1387E-01
    5.250   321.8      0.000  -4.340      0.2104       7.090     322.812    1.0220   0.0215  -3.2134   0.91645 -0.2842E-02  0.8105E-03  -0.0089  -0.0691   329.9      -22.78      -0.0055  0.2660E-01
    5.500   321.8      0.000  -7.288      0.2554E-01  0.8606     322.793    1.0027   0.0027 -46.5774   0.96009 -0.4773E-02  0.9838E-04  -0.0143  -0.1238   323.7      -40.08      -0.0317  0.3272E-01
    5.750   321.8      0.000  -10.41     -0.1166      -3.928     322.778    0.9878  -0.0123  15.2369   1.00373 -0.6817E-02 -0.4491E-03  -0.0195  -0.1877   318.8      -59.85      -0.0534  0.4032E-01
    6.000   321.8      0.000  -13.70     -0.2567      -8.650     322.763    0.9731  -0.0275   9.5032   1.04737 -0.8972E-02 -0.9888E-03  -0.0246  -0.2617   314.1      -82.20      -0.0733  0.4791E-01
    6.250   321.8      0.000  -17.17     -0.3423      -11.54     322.754    0.9642  -0.0371   9.3042   1.09101 -0.1125E-01 -0.1319E-02  -0.0296  -0.3449   311.2      -107.3      -0.0886  0.5674E-01
    6.500   321.8      0.000  -20.86     -0.4369      -14.72     322.744    0.9542  -0.0478   9.2097   1.13465 -0.1366E-01 -0.1683E-02  -0.0346  -0.4403   308.0      -135.6      -0.1033  0.6519E-01
    6.750   321.8      0.000  -24.90     -0.4816      -16.23     322.740    0.9496  -0.0530  10.3569   1.17829 -0.1631E-01 -0.1855E-02  -0.0398  -0.5485   306.5      -168.1      -0.1143  0.7497E-01
    7.000   321.8      0.000  -29.07     -0.5344      -18.01     322.734    0.9440  -0.0591  11.2985   1.22193 -0.1904E-01 -0.2059E-02  -0.0448  -0.6678   304.7      -203.5      -0.1248  0.8386E-01
    7.250   321.8      0.000  -33.94     -0.5519      -18.60     322.732    0.9422  -0.0612  13.2322   1.26558 -0.2223E-01 -0.2126E-02  -0.0505  -0.8092   304.1      -246.1      -0.1331  0.9466E-01
    7.500   321.8      0.000  -38.69     -0.5702      -19.21     322.730    0.9403  -0.0633  15.1023   1.30922 -0.2534E-01 -0.2196E-02  -0.0556  -0.9562   303.5      -290.2      -0.1405  0.1038    
    7.750   321.8      0.000  -43.79     -0.5902      -19.89     322.728    0.9382  -0.0657  17.0638   1.35286 -0.2868E-01 -0.2274E-02  -0.0610  -1.1209   302.8      -339.4      -0.1475  0.1128    
    8.000   321.8      0.000  -50.11     -0.5725      -19.29     322.730    0.9400  -0.0636  20.7791   1.39650 -0.3282E-01 -0.2206E-02  -0.0676  -1.3214   303.4      -400.9      -0.1528  0.1248    

