Larrabee Prop: 355.6mm. 200W @ 650rpm                                                
                                                
2    0.1778            ! Nblades  [ R ]                                
                                                
0.4114    6.6004738            ! CL0     CL_a                                
-0.4367    1.1473            ! CLmin   Clmax                                
                                                
0.01482    0.034282706    0.078428499    0.2716    !  CD0    CD2u   CD2l   CLCD0                                
100000    -0.5            !  REref  Reexp                                
                                                
1    0.001    1        !  Rfac   Cfac   Bfac                                  
0    0    0        !  Radd   Cadd   Badd                                  
                                                
#  r     chord      beta°     [  CL0      CL_a       Clmin     Clmax      CD0       CD2u       CD2l       CLCD0      REref      REexp ]
0.018    7.770    68.619    0.411    6.6004738    -0.4367    1.1473    0.01482    0.034282706    0.078428499    0.2716    100000    
0.036    17.665    52.322    0.411    6.6004738    -0.4367    1.1473    0.01482    0.034282706    0.078428499    0.2716    100000    
0.054    21.370    40.934    0.411    6.6004738    -0.4367    1.1473    0.01482    0.034282706    0.078428499    0.2716    100000    
0.071    21.028    33.103    0.411    6.6004738    -0.4367    1.1473    0.01482    0.034282706    0.078428499    0.2716    100000    
0.089    19.125    27.579    0.411    6.6004738    -0.4367    1.1473    0.01482    0.034282706    0.078428499    0.2716    100000    
0.107    16.701    23.541    0.411    6.6004738    -0.4367    1.1473    0.01482    0.034282706    0.078428499    0.2716    100000    
0.125    14.081    20.490    0.411    6.6004738    -0.4367    1.1473    0.01482    0.034282706    0.078428499    0.2716    100000    
0.142    11.227    18.115    0.411    6.6004738    -0.4367    1.1473    0.01482    0.034282706    0.078428499    0.2716    100000    
0.160    7.788    16.220    0.411    6.6004738    -0.4367    1.1473    0.01482    0.034282706    0.078428499    0.2716    100000    
