 
# QPROP Version 1.22
# 
# Nemo_CR MIL Input                                                               
# 
# Any motor                                                                       
#    1.0000      motor parameter 1 ,  R  (Ohms) 
#    1.0000      motor parameter 2 ,  Io (Amps) 
#    1.0000      motor parameter 3 ,  Kv (rpm/Vo
# 
#   rho =  1025.0     kg/m^3
#   mu  = 0.10020E-02 kg/m-s
#   a   =  1481.0     m/s   
# 
#  1         2        3          4          5         6            7         8       9        10        11        12          13        14        15      16          17           18      19
# 
#  V(m/s)    rpm      Dbeta      T(N)       Q(N-m)    Pshaft(W)    Volts     Amps    effmot   effprop   adv       CT          CP        DV(m/s)   eff     Pelec       Pprop        cl_avg  cd_avg
    0.000   375.4      0.000   48.80       5.353       210.4     376.961    1.5605   0.3577   0.0000   0.00000  0.1226E-01  0.6723E-02   0.8705   0.0000   588.3       0.000       1.0464  0.7370    
    0.250   375.4      0.000   49.13       5.236       205.8     376.948    1.5483   0.3527   0.0597   0.03180  0.1234E-01  0.6576E-02   0.6585   0.0210   583.6       12.28       1.0686  0.6808    
    0.500   375.4      0.000   49.76       5.124       201.4     376.937    1.5366   0.3478   0.1235   0.06359  0.1250E-01  0.6436E-02   0.5113   0.0430   579.2       24.88       1.0933  0.6152    
    0.750   375.4      0.000   50.76       5.038       198.0     376.928    1.5276   0.3440   0.1922   0.09539  0.1275E-01  0.6327E-02   0.4122   0.0661   575.8       38.07       1.1186  0.5451    
    1.000   375.4      0.000   52.12       4.991       196.2     376.923    1.5227   0.3419   0.2656   0.12719  0.1309E-01  0.6269E-02   0.3451   0.0908   573.9       52.12       1.1429  0.4743    
    1.250   375.4      0.000   53.83       4.995       196.4     376.923    1.5231   0.3421   0.3426   0.15899  0.1352E-01  0.6274E-02   0.2986   0.1172   574.1       67.28       1.1654  0.4059    
    1.500   375.4      0.000   55.81       5.057       198.8     376.930    1.5295   0.3448   0.4212   0.19078  0.1402E-01  0.6351E-02   0.2654   0.1452   576.5       83.72       1.1856  0.3418    
    1.750   375.4      0.000   58.03       5.179       203.6     376.942    1.5423   0.3502   0.4988   0.22258  0.1458E-01  0.6504E-02   0.2409   0.1747   581.4       101.6       1.2034  0.2833    
    2.000   375.4      0.000   60.43       5.364       210.9     376.962    1.5618   0.3582   0.5731   0.25438  0.1518E-01  0.6737E-02   0.2222   0.2053   588.7       120.9       1.2186  0.2310    
    2.250   375.4      0.000   62.94       5.614       220.7     376.988    1.5879   0.3687   0.6417   0.28617  0.1581E-01  0.7051E-02   0.2076   0.2366   598.6       141.6       1.2314  0.1853    
    2.500   375.4      0.000   65.53       5.928       233.0     377.021    1.6208   0.3814   0.7030   0.31797  0.1646E-01  0.7445E-02   0.1958   0.2681   611.1       163.8       1.2418  0.1462    
    2.750   375.4      0.000   68.15       6.305       247.9     377.060    1.6603   0.3959   0.7561   0.34977  0.1712E-01  0.7919E-02   0.1861   0.2994   626.0       187.4       1.2501  0.1134    
    3.000   375.4      0.000   70.76       6.745       265.2     377.106    1.7063   0.4121   0.8005   0.38156  0.1777E-01  0.8471E-02   0.1778   0.3299   643.5       212.3       1.2564  0.8667E-01
    3.250   375.4      0.000   73.32       7.246       284.9     377.159    1.7588   0.4294   0.8365   0.41336  0.1842E-01  0.9100E-02   0.1707   0.3592   663.3       238.3       1.2610  0.6542E-01
    3.500   375.4      0.000   74.44       7.342       288.6     377.169    1.7689   0.4326   0.9027   0.44516  0.1870E-01  0.9221E-02   0.1614   0.3905   667.2       260.5       1.2216  0.2425E-01
    3.750   375.4      0.000   65.70       6.855       269.5     377.118    1.7178   0.4160   0.9142   0.47696  0.1650E-01  0.8609E-02   0.1336   0.3803   647.8       246.4       1.0492  0.1994E-01
    4.000   375.4      0.000   56.86       6.271       246.5     377.057    1.6567   0.3946   0.9226   0.50875  0.1428E-01  0.7876E-02   0.1089   0.3641   624.7       227.4       0.8844  0.1694E-01
    4.250   375.4      0.000   47.91       5.588       219.7     376.985    1.5851   0.3676   0.9271   0.54055  0.1204E-01  0.7018E-02   0.0866   0.3408   597.6       203.6       0.7273  0.1506E-01
    4.500   375.4      0.000   38.86       4.802       188.8     376.903    1.5029   0.3333   0.9262   0.57235  0.9760E-02  0.6031E-02   0.0665   0.3087   566.4       174.9       0.5777  0.1413E-01
    4.750   375.4      0.000   29.66       3.915       153.9     376.810    1.4100   0.2897   0.9154   0.60414  0.7451E-02  0.4917E-02   0.0482   0.2652   531.3       140.9       0.4355  0.1423E-01
    5.000   375.4      0.000   20.26       2.934       115.3     376.707    1.3072   0.2342   0.8784   0.63594  0.5089E-02  0.3685E-02   0.0314   0.2057   492.4       101.3       0.3003  0.1603E-01
    5.250   375.4      0.000   10.63       1.856       72.95     376.594    1.1943   0.1622   0.7651   0.66774  0.2670E-02  0.2331E-02   0.0157   0.1241   449.8       55.82       0.1719  0.1935E-01
    5.500   375.4      0.000  0.7696      0.6782       26.66     376.471    1.0710   0.0661   0.1588   0.69954  0.1933E-03  0.8517E-03   0.0011   0.0105   403.2       4.233       0.0499  0.2390E-01
    5.750   375.4      0.000  -3.967      0.4820       18.95     376.450    1.0505   0.0479  -1.2038   0.73133 -0.9965E-03  0.6054E-03  -0.0054  -0.0577   395.5      -22.81       0.0083  0.4124E-01
    6.000   375.4      0.000  -5.659      0.5271       20.72     376.455    1.0552   0.0522  -1.6387   0.76313 -0.1421E-02  0.6619E-03  -0.0073  -0.0855   397.2      -33.95      -0.0005  0.5040E-01
    6.250   375.4      0.000  -7.190      0.6232       24.50     376.465    1.0653   0.0611  -1.8341   0.79493 -0.1806E-02  0.7827E-03  -0.0089  -0.1120   401.0      -44.94      -0.0035  0.5943E-01
    6.500   375.4      0.000  -8.882      0.7434       29.23     376.478    1.0779   0.0720  -1.9754   0.82672 -0.2231E-02  0.9337E-03  -0.0106  -0.1423   405.8      -57.73      -0.0049  0.6907E-01
    6.750   375.4      0.000  -10.76      0.8787       34.54     376.492    1.0920   0.0840  -2.1030   0.85852 -0.2703E-02  0.1104E-02  -0.0124  -0.1767   411.1      -72.64      -0.0060  0.7899E-01
    7.000   375.4      0.000  -12.90       1.032       40.56     376.508    1.1081   0.0972  -2.2256   0.89032 -0.3240E-02  0.1296E-02  -0.0143  -0.2164   417.2      -90.28      -0.0063  0.8959E-01
    7.250   375.4      0.000  -15.23       1.198       47.11     376.526    1.1255   0.1112  -2.3434   0.92212 -0.3825E-02  0.1505E-02  -0.0163  -0.2605   423.8      -110.4      -0.0062  0.1002    
    7.500   375.4      0.000  -17.81       1.376       54.11     376.544    1.1441   0.1256  -2.4688   0.95391 -0.4474E-02  0.1729E-02  -0.0185  -0.3101   430.8      -133.6      -0.0062  0.1111    
    7.750   375.4      0.000  -20.65       1.565       61.52     376.564    1.1639   0.1404  -2.6014   0.98571 -0.5187E-02  0.1965E-02  -0.0207  -0.3652   438.3      -160.0      -0.0062  0.1222    
    8.000   375.4      0.000  -23.75       1.763       69.32     376.585    1.1847   0.1554  -2.7406   1.01751 -0.5965E-02  0.2215E-02  -0.0231  -0.4258   446.1      -190.0      -0.0062  0.1333    

