Nemo_CR MIL Input                               

   2       ! Nblades

   0.4321  6.3527    ! CL0    CL_a 
  -0.0055  1.2667    ! CLmin  CLmax

   0.01214  0.01964  0.03927  0.5158    ! CD0    CD2u  CD2l  CLCD0
   100000.0  -0.500            ! REref  REexp

   1.0000  1.0000  1.0000   !  Rfac   Cfac   Bfac
   0.0000  0.0000  0.0000   !  Radd   Cadd   Badd
 
#        r            c        beta
3.38E-02    1.02E-02    76.447     0.361127715    6.730109609    -0.0107    1.2633    0.01886    0.006943881    0.098093118    0.2779    50000
5.13E-02    1.41E-02    68.2956    0.361127715    6.730109609    -0.0107    1.2633    0.01886    0.006943881    0.098093118    0.2779    50000
6.88E-02    1.68E-02    61.1262                    
8.63E-02    1.80E-02    54.9555                    
0.10375     1.80E-02    49.7037                    
0.12125     1.71E-02    45.2503                    
0.13875     1.55E-02    41.4692                    
0.15625     1.32E-02    38.2453                    
0.17375     1.02E-02    35.4803                    
0.19125     5.83E-03    33.0933    0.361127715    6.730109609    -0.0107    1.2633    0.01886    0.006943881    0.098093118    0.2779    50000
0.2         3.14E-03    32.0415    0.361127715    6.730109609    -0.0107    1.2633    0.01886    0.006943881    0.098093118    0.2779    50000
