Nemo_CR: 380mm. 3.5m/s. 300W @ 375.417rpm                                                
                                                
2    0.19            ! Nblades  [ R ]                                
                                                
0.413334778    6.594619051            ! CL0     CL_a                                
-0.0434    1.1694            ! CLmin   Clmax                                
                                                
0.01315    0.018811984    0.051698377    0.5312    !  CD0    CD2u   CD2l   CLCD0                                
100000    -0.5            !  REref  Reexp                                
                                                
1    1    1        !  Rfac   Cfac   Bfac                                  
0    0    0        !  Radd   Cadd   Badd                                  
                                                
#  r     chord      beta°     [  CL0      CL_a       Clmin     Clmax      CD0       CD2u       CD2l       CLCD0      REref      REexp ]
0.025    0.0064    75.449    0.413    6.594619051    -0.0434    1.1694    0.01315    0.018811984    0.051698377    0.5312    100000    
0.043    0.0153    65.777    0.413    6.594619051    -0.0434    1.1694    0.01315    0.018811984    0.051698377    0.5312    100000    
0.062    0.0230    57.371    0.413    6.594619051    -0.0434    1.1694    0.01315    0.018811984    0.051698377    0.5312    100000    
0.080    0.0276    50.287    0.413    6.594619051    -0.0434    1.1694    0.01315    0.018811984    0.051698377    0.5312    100000    
0.098    0.0290    44.407    0.413    6.594619051    -0.0434    1.1694    0.01315    0.018811984    0.051698377    0.5312    100000    
0.117    0.0280    39.542    0.413    6.594619051    -0.0434    1.1694    0.01315    0.018811984    0.051698377    0.5312    100000    
0.135    0.0252    35.506    0.413    6.594619051    -0.0434    1.1694    0.01315    0.018811984    0.051698377    0.5312    100000    
0.153    0.0209    32.135    0.413    6.594619051    -0.0434    1.1694    0.01315    0.018811984    0.051698377    0.5312    100000    
0.172    0.0149    29.296    0.413    6.594619051    -0.0434    1.1694    0.01315    0.018811984    0.051698377    0.5312    100000    
