0.250
0.567
2.269
5.104
9.068
14.158
20.370
27.696
36.129
46.000
56.285
67.987
80.757
94.582
109.449
125.342
142.247
160.147
179.023
198.857
219.630
241.322
263.910
287.372
311.686
336.827
362.771
389.491
416.962
445.157
474.047
503.604
533.799
564.602
595.983
627.911
660.354
693.280
726.657
760.451
794.630
829.160
864.007
899.135
934.511
970.100
1005.867
1041.775
1077.791
1113.878
1150.000
1186.122
1222.209
1258.225
1294.133
1329.900
1365.489
1400.865
1435.993
1470.840
1505.370
1539.549
1573.343
1606.720
1639.646
1672.089
1704.017
1735.398
1766.201
1796.396
1825.953
1854.843
1883.038
1910.509
1937.229
1963.173
1988.314
2012.628
2036.090
2058.678
2080.370
2101.143
2120.977
2139.853
2157.753
2174.658
2190.551
2205.418
2219.243
2232.013
2243.715
2254.000
2263.871
2272.304
2279.630
2285.842
2290.932
2294.896
2297.731
2299.433
2299.750
